
GRAVITY        = 6.67428d-8
MPC            = 3.08568025d24
PROTONMASS     = 1.672621637d-24
SIGMA_T        = 6.652458734e-25
C_CMS          = 2.99792458e10
FOSC_LYA       = 0.416400
LAMBDA_LYA_H1  = 1215.6701e-8
LAMBDA_LYA_HE2 = 303.7822e-8
BOLTZMANN      = 1.3806488e-16
AMU            = 1.66053886e-24 
HMASS          = 1.00794  
HEMASS         = 4.002602 
